$ANSIBLE_VAULT;1.1;AES256
62653938653639636533363336613666333334306264336465616563326139356236643330363930
6432653861666633313832623363306566383431323033630a626264313863303630636336323566
66376435613262313839363232396433663266373433363462306338623738633564336433336633
6230663133306630650a666336303362646661343061353033363735356236336439313865623765
31636461336438326138333264613764356337303238353137356136336337386635663734306364
66633137616436626233633439626562363061643837653534656364616365363165613839303561
62633331666436356231313432306632373531396332613933643665316132626265643233626433
36333832333162623932616331666564346265633436313734626536613233613663316231393332
33366433656639386337353562643466336530636139313838366330653638636237626233666532
32663438313033393633643634366632376634616238663130376664326330306365626337396261
35313736353764666461393362366539306562386633643265376532323765393961393639343439
30306130373139613336656266623730323137363831336136646330666135356337623030356437
3735
