$ANSIBLE_VAULT;1.1;AES256
30366137353437303338383966313766356166663230303531306633626665396332643638613135
6438646138306532393434636535616434373133616230350a333036633537666636316561646339
35626165396333396264313931383761393938303935323134363130363035666330306164663130
6466373936646230620a303738333662666666653239656663646665336238633432353934303738
33363631386536323135663239636639346666396161393239643636343465656465313233343738
36653761386333323063633337613233323431633939396666353264303334666634313034376131
61643031306365313431303162366266343062316333356163613937393936383964303861656633
65396435343238313838373063386663653936653935326265623639306430323631626162643966
61643862663935666666643539303737396463653238373032346633333865626166313063313333
33303961616662306530616131343064653932666235303239333566363364383135623765613361
39323433613565363430653433613635313461366333326334666137653138613739343663333838
38643935373964316663646162356464383762393262323264303265626431666530643964363334
66393433323637616534323862363963643439373231613164656539343337646637
