$ANSIBLE_VAULT;1.1;AES256
36363336653264306534363937383130626631393233343764313633643364663838653336363965
3137666463306330646230623166333161656163326666620a663937393766353264633132613338
39353530386662623862353833346436323233373362346266306164356430313831396636353032
3462656336346365380a616335336538376264646538383430366663356161303035626165326564
34616161613266393435646161353635303866303565303664306162336338393134356330623533
63303733393439383739383638346165376363393565623166396332353665366339643438366637
64333831343030393539326665323438333763376432623161333165613531626162363962343335
66383931316331386430636337656134366561326261646230303965653538363632343364346130
39636330613965623935333430663763376536636634333837646330303934643037333135366164
65383739326434313032306338393231666630333465393539343535633630646337346236646635
64616461323764386539656132646266346336353639353231366333366162396639343330363538
35633563323262303832
